1.6895 1647894330.7
1.69192 1647894331.8
1.69111 1647894332.8
1.69998 1647894342.1
1.7032 1647894343.4
1.70239 1647894344.3
1.70562 1647894345.4
1.70562 1647894346.6
1.69917 1647894347.6
1.69595 1647894348.7
1.69514 1647894349.7
1.69595 1647894350.8
1.6895 1647894352.1
1.6887 1647894353.2
1.67419 1647894354.7
1.57671 1647894355.4
1.52837 1647894356.4
1.49936 1647894357.5
1.50903 1647894358.7
1.53401 1647894359.6
1.55334 1647894360.8
1.56462 1647894361.9
1.57671 1647894362.9
1.58879 1647894364.0
1.59846 1647894365.2
1.60571 1647894366.4
1.61055 1647894367.3
1.61216 1647894368.4
1.6186 1647894369.6
1.62747 1647894370.7
1.62585 1647894371.7
1.62183 1647894372.8
1.62021 1647894373.9
1.6186 1647894375.1
1.62183 1647894376.1
1.62183 1647894377.4
1.57026 1647894378.4
1.50661 1647894379.4
1.48083 1647894380.5
1.45988 1647894381.7
1.45988 1647894382.7
1.476 1647894383.8
1.48889 1647894384.9
1.50178 1647894386.0
1.50823 1647894387.1
1.52273 1647894388.2
1.53401 1647894389.4
1.54206 1647894390.5
1.55334 1647894391.5
1.56301 1647894392.7
1.57026 1647894393.7
1.5759 1647894394.8
1.58638 1647894395.9
1.59282 1647894397.0
