2.4275 1647894330.7
2.4275 1647894331.8
2.41945 1647894332.8
2.4275 1647894342.1
2.4267 1647894343.4
2.43072 1647894344.3
2.41864 1647894345.4
2.4267 1647894346.5
2.42589 1647894347.6
1.13681 1647894348.7
1.16501 1647894349.7
1.17065 1647894350.8
1.17468 1647894352.1
2.43314 1647894353.2
2.41945 1647894354.7
2.40736 1647894355.4
2.41058 1647894356.4
2.41381 1647894357.5
2.42509 1647894358.7
2.42186 1647894359.6
2.41945 1647894360.8
2.42347 1647894361.9
2.41542 1647894362.9
2.32357 1647894364.0
2.32518 1647894365.2
2.32276 1647894366.4
2.3284 1647894367.3
2.33002 1647894368.4
2.26717 1647894369.6
2.33565 1647894370.7
1.1634 1647894371.7
1.15212 1647894372.8
1.20046 1647894373.9
2.29295 1647894375.1
2.29698 1647894376.1
2.27845 1647894377.3
2.2712 1647894378.4
2.26798 1647894379.4
2.27845 1647894380.5
2.2857 1647894381.6
2.29537 1647894382.7
2.28812 1647894383.8
2.28329 1647894384.9
2.28329 1647894386.0
2.25831 1647894387.1
2.27201 1647894388.2
2.27523 1647894389.4
2.26234 1647894390.5
2.2567 1647894391.5
2.23897 1647894392.6
2.28893 1647894393.7
2.20433 1647894394.8
2.23253 1647894395.9
0.978091 1647894397.0
